pressureIterationation,predicted_error
0,0,0.0142881
0,1,0.0474239
0,2,0.0797277
0,3,0.0415805
0,4,0.0610705
0,5,0.113339
0,6,0.0129634
0,7,0.075948
0,8,0.0506259
0,9,0.0150821
0,10,0.0443679
0,11,0.0576439
0,12,0.0281371
0,13,0.0340744
0,14,0.0777578
0,15,0.0571835
0,16,0.0334602
0,17,0.110318
0,18,0.0246429
0,19,0.0639057
0,20,0.0589753
0,21,0.0291661
0,22,0.0314283
0,23,0.0496752
0,24,0.0360887
0,25,0.020143
0,26,0.0634474
0,27,0.0614353
0,28,0.0157601
0,29,0.0925404
0,30,0.0572458
0,31,0.0469999
0,32,0.0655842
0,33,0.0345626
0,34,0.0201272
0,35,0.0378168
0,36,0.0345687
0,37,0.0209564
0,38,0.0407467
0,39,0.0564199
0,40,0.0232466
0,41,0.0652744
0,42,0.0742175
0,43,0.0207731
0,44,0.0624157
0,45,0.0353458
0,46,0.0220644
0,47,0.0296783
0,48,0.0328935
0,49,0.0234797
0,50,0.0206257
0,51,0.0450756
0,52,0.0255247
0,53,0.0342337
0,54,0.0672483
0,55,0.0282523
0,56,0.0507826
0,57,0.0406615
0,58,0.0303428
0,59,0.0272506
0,60,0.0245605
0,61,0.0296441
0,62,0.014727
0,63,0.0268561
0,64,0.0330597
0,65,0.0188868
0,66,0.0467849
0,67,0.029678
0,68,0.0340148
0,69,0.0426934
0,70,0.0314581
0,71,0.029079
0,72,0.0151324
0,73,0.0301926
0,74,0.0208866
0,75,0.00730088
0,76,