pressureIterationation,predicted_error

0,0.375289
1,0.23514
2,0.808064
3,0.592424
4,0.26597
5,0.858586
6,0.663055
7,0.15339
8,0.856397
9,0.679086
10,0.141348
11,0.644561
12,0.400742
13,0.290652
14,0.638929
15,0.143454
16,0.640432
17,0.853987
18,0.2516
19,0.736912
20,1.16424
21,0.521875
22,0.421009
23,0.712755
24,0.20657
25,0.546103
26,0.663762
27,0.0540905
28,0.747024
29,0.669831
30,0.173463
31,1.07437
32,1.02314
33,0.0573872
34,0.833638
35,0.804843
36,0.0635476
37,0.732876
38,0.621326
39,0.216602
40,0.754637
41,0.431351
42,0.511873
43,1.15872
44,0.675447
45,0.429156
46,0.99863
47,0.621092
48,0.352102
49,0.991636
50,0.560203
51,0.379398
52,0.761263
53,0.265671
54,0.643761
55,0.974713
56,0.235976
57,0.730393
58,0.949842
59,0.264748
60,0.770992
61,1.1112
62,0.345188
63,0.581688
64,0.738175
65,0.0740876
66,0.750786
67,0.775733
68,0.0888161
69,0.830797
70,0.722958