pressureIterationation,predicted_error
0,0.0200076
1,0.0505356
2,0.0884531
3,0.0274762
4,0.0709891
5,0.0860362
6,0.0138278
7,0.0701211
8,0.062653
9,0.0179236
10,0.0450822
11,0.0567109
12,0.0344839
13,0.0271545
14,0.0851505
15,0.0580593
16,0.0409472
17,0.0920075
18,0.0368205
19,0.0491363
20,0.0687206
21,0.0325186
22,0.0293609
23,0.0484076
24,0.0396779
25,0.0214428
26,0.0619305
27,0.0690704
28,0.017873
29,0.0810605
30,0.059059
31,0.0237601
32,0.0655582
33,0.035902
34,0.0184903
35,0.0329235
36,0.0372676
37,0.0222709
38,0.0300711
39,0.0619526
40,0.0255797
41,0.0566382
42,0.0679471
43,0.0294758
44,0.0540913
45,0.0400537
46,0.0305856
47,0.0180069
48,0.0281266
49,0.0322339
50,0.017917
51,0.0428394
52,0.0384213
53,0.0242097
54,0.05946
55,0.0342399
56,0.0384842
57,0.0337815
58,0.0328449
59,0.0241906
60,0.0111907
61,0.0312321
62,0.0226663
63,0.0165076
64,0.0387145
65,0.0261866
66,0.0359485
67,0.0265691
68,0.031516
69,0.0224185
70,0.0247729
71,0.0311868
72,0.0200113
73,0.020473
74,0